1        0       0
1        0.01    0.07979754
1        0.02    0.1596496
1        0.03    0.2396106
1        0.04    0.3197352
1        0.05    0.4000777
1        0.06    0.4806927
1        0.07    0.5616345
1        0.08    0.6429577
1        0.09    0.7247165
1        0.1     0.8069653
2        0       0
2        0.01    0.1128636
2        0.02    0.2258814
2        0.03    0.3392074
2        0.04    0.4529959
2        0.05    0.5674007
2        0.06    0.6825759
2        0.07    0.7986752
2        0.08    0.915852
2        0.09    1.03426
2        0.1     1.15405
3        0       0
3        0.01    0.1382449
3        0.02    0.2767729
3        0.03    0.4158673
3        0.04    0.5558111
3        0.05    0.696887
3        0.06    0.8393776
3        0.07    0.9835645
3        0.08    1.129729
3        0.09    1.27815
3        0.1     1.429105
4        0       0
4        0.01    0.1596496
4        0.02    0.3197352
4        0.03    0.4806927
4        0.04    0.6429577
4        0.05    0.8069653
4        0.06    0.9731498
4        0.07    1.141944
4        0.08    1.313778
4        0.09    1.489078
4        0.1     1.668268
5        0       0
5        0.01    0.178514
5        0.02    0.3576373
5        0.03    0.537979
5        0.04    0.7201479
5        0.05    0.9047514
5        0.06    1.092395
5        0.07    1.283682
5        0.08    1.479211
5        0.09    1.679571
5        0.1     1.885344
6        0       0
6        0.01    0.1955745
6        0.02    0.39195
6        0.03    0.5899271
6        0.04    0.7903056
6        0.05    0.9938835
6        0.06    1.201456
6        0.07    1.413811
6        0.08    1.63173
6        0.09    1.855982
6        0.1     2.087317
7        0       0
7        0.01    0.2112686
7        0.02    0.4235466
7        0.03    0.6378427
7        0.04    0.8551645
7        0.05    1.076517
7        0.06    1.302898
7        0.07    1.5353
7        0.08    1.774697
7        0.09    2.022045
7        0.1     2.278274
8        0       0
8        0.01    0.2258814
8        0.02    0.4529959
8        0.03    0.6825759
8        0.04    0.915852
8        0.05    1.15405
8        0.06    1.398389
8        0.07    1.650071
8        0.08    1.910279
8        0.09    2.180165
8        0.1     2.460838
9        0       0
9        0.01    0.2396106
9        0.02    0.4806927
9        0.03    0.7247165
9        0.04    0.9731498
9        0.05    1.227454
9        0.06    1.489078
9        0.07    1.759451
9        0.08    2.039971
9        0.09    2.33199
9        0.1     2.636801
10       0       0
10       0.01    0.2526005
10       0.02    0.5069243
10       0.03    0.7646934
10       0.04    1.027626
10       0.05    1.297431
10       0.06    1.575802
10       0.07    1.864402
10       0.08    2.164851
10       0.09    2.478707
10       0.1     2.807446
