0.01     0       0
0.01     0.01    0.1974127
0.01     0.02    0.3829249
0.01     0.03    0.5467453
0.01     0.04    0.6826895
0.01     0.05    0.7887005
0.01     0.06    0.8663856
0.01     0.07    0.9198817
0.01     0.08    0.9544997
0.01     0.09    0.9755511
0.01     0.1     0.9875807
0.02     0       0
0.02     0.01    0.09947645
0.02     0.02    0.1974127
0.02     0.03    0.2923395
0.02     0.04    0.3829249
0.02     0.05    0.4680289
0.02     0.06    0.5467453
0.02     0.07    0.6184261
0.02     0.08    0.6826895
0.02     0.09    0.739411
0.02     0.1     0.7887005
0.03     0       0
0.03     0.01    0.0664135
0.03     0.02    0.1323677
0.03     0.03    0.1974127
0.03     0.04    0.2611173
0.03     0.05    0.3230778
0.03     0.06    0.3829249
0.03     0.07    0.4403311
0.03     0.08    0.4950149
0.03     0.09    0.5467453
0.03     0.1     0.5953432
0.04     0       0
0.04     0.01    0.04983534
0.04     0.02    0.09947645
0.04     0.03    0.1487314
0.04     0.04    0.1974127
0.04     0.05    0.2453394
0.04     0.06    0.2923395
0.04     0.07    0.3382512
0.04     0.08    0.3829249
0.04     0.09    0.4262246
0.04     0.1     0.4680289
0.05     0       0
0.05     0.01    0.03987761
0.05     0.02    0.07965567
0.05     0.03    0.1192354
0.05     0.04    0.1585194
0.05     0.05    0.1974127
0.05     0.06    0.2358228
0.05     0.07    0.2736613
0.05     0.08    0.3108435
0.05     0.09    0.3472896
0.05     0.1     0.3829249
0.06     0       0
0.06     0.01    0.03323557
0.06     0.02    0.0664135
0.06     0.03    0.09947645
0.06     0.04    0.1323677
0.06     0.05    0.1650313
0.06     0.06    0.1974127
0.06     0.07    0.2294585
0.06     0.08    0.2611173
0.06     0.09    0.2923395
0.06     0.1     0.3230778
0.07     0       0
0.07     0.01    0.02848982
0.07     0.02    0.05694333
0.07     0.03    0.08532435
0.07     0.04    0.113597
0.07     0.05    0.1417258
0.07     0.06    0.1696757
0.07     0.07    0.1974127
0.07     0.08    0.224903
0.07     0.09    0.2521144
0.07     0.1     0.2790151
0.08     0       0
0.08     0.01    0.02492983
0.08     0.02    0.04983534
0.08     0.03    0.07469225
0.08     0.04    0.09947645
0.08     0.05    0.124164
0.08     0.06    0.1487314
0.08     0.07    0.1731552
0.08     0.08    0.1974127
0.08     0.09    0.2214813
0.08     0.1     0.2453394
0.09     0       0
0.09     0.01    0.02216061
0.09     0.02    0.04430413
0.09     0.03    0.0664135
0.09     0.04    0.08847176
0.09     0.05    0.110462
0.09     0.06    0.1323677
0.09     0.07    0.1541721
0.09     0.08    0.1758591
0.09     0.09    0.1974127
0.09     0.1     0.218817
0.1      0       0
0.1      0.01    0.01994504
0.1      0.02    0.03987761
0.1      0.03    0.05978529
0.1      0.04    0.07965567
0.1      0.05    0.09947645
0.1      0.06    0.1192354
0.1      0.07    0.1389204
0.1      0.08    0.1585194
0.1      0.09    0.1780207
0.1      0.1     0.1974127
